% Roll
pr=0.8646;
ir=0.9824;
dr=0.4287;
fr=0.3349;

%pitch

pp=0.6885;
ip=0.2605;
dp=0.4897;
fp=0.3557;

%yaw

py=0.3710;
iy=0.1302;
dy=0.8542;
fy=0.5956;

%Initial attitude
attitude_0=[5 5 5];

override=2;